Factorial
fact1
patito
fact2
#################
1
2
3
"# # # # #"
#################
1 - [17, -1, -1, 40]
2 - [11, 20000, 70001, 55000]
3 - [18, 55000, -1, 6]
4 - [14, 70000, -1, 5002]
5 - [17, -1, -1, 13]
6 - [20, -1, -1, 2]
7 - [2, 20000, 70000, 35000]
8 - [21, 35000, -1, 20000]
9 - [22, -1, -1, 2]
10 - [5, 5002, -1, 35001]
11 - [3, 20000, 35001, 35002]
12 - [14, 35002, -1, 5002]
13 - [19, -1, -1, -1]
14 - [20, -1, -1, 2]
15 - [3, 20000, 70001, 35000]
16 - [21, 35000, -1, 20000]
17 - [22, -1, -1, 2]
18 - [5, 5002, -1, 35001]
19 - [3, 35001, 70001, 35002]
20 - [14, 35002, -1, 5003]
21 - [19, -1, -1, -1]
22 - [5, 70000, -1, 20002]
23 - [11, 20000, 70001, 55000]
24 - [18, 55000, -1, 26]
25 - [14, 70000, -1, 5004]
26 - [5, 70001, -1, 20001]
27 - [5, 70001, -1, 35000]
28 - [1, 20000, 70000, 35001]
29 - [5, 35001, -1, 35002]
30 - [11, 35000, 35002, 55001]
31 - [18, 55001, -1, 38]
32 - [3, 20002, 20001, 35003]
33 - [5, 35003, -1, 20002]
34 - [1, 35000, 70000, 35004]
35 - [5, 35004, -1, 35000]
36 - [5, 35004, -1, 20001]
37 - [17, -1, -1, 30]
38 - [14, 20002, -1, 5004]
39 - [19, -1, -1, -1]
40 - [15, -1, -1, 5000]
41 - [20, -1, -1, 14]
42 - [21, 70002, -1, 20000]
43 - [22, -1, -1, 14]
44 - [5, 5003, -1, 35000]
45 - [5, 35000, -1, 5001]
46 - [16, -1, -1, 5001]
47 - [16, -1, -1, 100000]
48 - [20, -1, -1, 22]
49 - [21, 5000, -1, 20000]
50 - [22, -1, -1, 22]
51 - [5, 5004, -1, 35001]
52 - [5, 35001, -1, 5001]
53 - [16, -1, -1, 5001]